|    |   d_model |   seq_len | precision      |   forward_time |   backward_time |   full_time |   pre_back_memory |
|---:|----------:|----------:|:---------------|---------------:|----------------:|------------:|------------------:|
|  0 |        16 |       128 | torch.bfloat16 |      0.012056  |        0.261885 |    0.247173 |          0.015625 |
|  1 |        16 |       128 | torch.float32  |      0.0123636 |        0.257469 |    0.253558 |         32.0312   |
|  2 |        16 |       256 | torch.bfloat16 |      0.0176899 |        0.222733 |    0.221888 |         32.0312   |
|  3 |        16 |       256 | torch.float32  |      0.0182168 |        0.231271 |    0.230693 |         32.0625   |
|  4 |        16 |       512 | torch.bfloat16 |      0.0288187 |        0.57909  |    0.575983 |         32.0625   |
|  5 |        16 |       512 | torch.float32  |      0.0322427 |        0.970018 |    0.957212 |         32.125    |
|  6 |        16 |      1024 | torch.bfloat16 |      0.0546629 |        0.315639 |    0.319162 |         32.125    |
|  7 |        16 |      1024 | torch.float32  |      0.0555129 |        0.341929 |    0.333416 |         32.25     |
|  8 |        16 |      2048 | torch.bfloat16 |      0.0975157 |        0.317552 |    0.314522 |         32.25     |
|  9 |        16 |      2048 | torch.float32  |      0.113154  |        0.343148 |    0.343374 |         32.5      |
| 10 |        16 |      4096 | torch.bfloat16 |      0.201429  |        0.637529 |    0.637668 |         32.5      |
| 11 |        16 |      4096 | torch.float32  |      0.217929  |        1.28987  |    1.28693  |         33        |
| 12 |        16 |      8192 | torch.bfloat16 |      0.407415  |        2.88524  |    2.88706  |         33        |
| 13 |        16 |      8192 | torch.float32  |      0.450423  |        6.04231  |    6.03617  |         34        |
| 14 |        16 |     16384 | torch.bfloat16 |      0.939389  |        9.62155  |    9.62029  |         34        |
| 15 |        16 |     16384 | torch.float32  |      1.19995   |       14.741    |   14.8623   |         36        |
| 16 |        16 |     32768 | torch.bfloat16 |      2.69847   |       32.1535   |   31.8455   |         36        |
| 17 |        16 |     32768 | torch.float32  |      3.97243   |      256.884    |  247.152    |         40        |
| 18 |        16 |     65536 | torch.bfloat16 |      9.58011   |      502.517    |  509.113    |         40        |
| 19 |        16 |     65536 | torch.float32  |     14.5712    |      nan        |  nan        |         48        |
| 20 |        32 |       128 | torch.bfloat16 |      0.0131134 |        0.313342 |    0.316155 |         32.0312   |
| 21 |        32 |       128 | torch.float32  |      0.0136987 |        0.324253 |    0.32046  |         32.0625   |
| 22 |        32 |       256 | torch.bfloat16 |      0.0202384 |        0.30964  |    0.307399 |         32.0625   |
| 23 |        32 |       256 | torch.float32  |      0.021591  |        0.326321 |    0.323868 |         32.125    |
| 24 |        32 |       512 | torch.bfloat16 |      0.0353341 |        0.565173 |    0.56514  |         32.125    |
| 25 |        32 |       512 | torch.float32  |      0.0372408 |        0.946957 |    0.936312 |         32.25     |
| 26 |        32 |      1024 | torch.bfloat16 |      0.0618205 |        0.315187 |    0.315047 |         32.25     |
| 27 |        32 |      1024 | torch.float32  |      0.0696057 |        0.599969 |    0.599073 |         32.5      |
| 28 |        32 |      2048 | torch.bfloat16 |      0.123947  |        0.313605 |    0.314711 |         32.5      |
| 29 |        32 |      2048 | torch.float32  |      0.132415  |        0.372902 |    0.372795 |         33        |
| 30 |        32 |      4096 | torch.bfloat16 |      0.244037  |        0.679942 |    0.680266 |         33        |
| 31 |        32 |      4096 | torch.float32  |      0.257286  |        1.9614   |    5.31482  |         34        |
| 32 |        32 |      8192 | torch.bfloat16 |      0.487354  |        5.37311  |   10.4039   |         34        |
| 33 |        32 |      8192 | torch.float32  |      0.532586  |        6.07971  |   17.8237   |         36        |
| 34 |        32 |     16384 | torch.bfloat16 |      1.14298   |       17.1281   |   46.5006   |         36        |
| 35 |        32 |     16384 | torch.float32  |      1.43477   |       16.268    |   15.538    |         40        |
| 36 |        32 |     32768 | torch.bfloat16 |      3.77954   |       33.5476   |   33.8157   |         40        |
| 37 |        32 |     32768 | torch.float32  |      4.94955   |      254.867    |  243.549    |         48        |
| 38 |        32 |     65536 | torch.bfloat16 |     13.2076    |      506.991    |  519.973    |         48        |
| 39 |        32 |     65536 | torch.float32  |     18.1545    |      nan        |  nan        |         64        |
| 40 |        64 |       128 | torch.bfloat16 |      0.0139293 |        0.317251 |    0.313578 |         32.0625   |
| 41 |        64 |       128 | torch.float32  |      0.0209373 |        0.323542 |    0.321651 |         32.125    |
| 42 |        64 |       256 | torch.bfloat16 |      0.0215264 |        0.301406 |    0.299948 |         32.125    |
| 43 |        64 |       256 | torch.float32  |      0.0348199 |        1.08294  |    0.966676 |         32.25     |
| 44 |        64 |       512 | torch.bfloat16 |      0.0371326 |        0.966736 |    0.965689 |         32.25     |
| 45 |        64 |       512 | torch.float32  |      0.0653421 |        0.780149 |    0.782281 |         32.5      |
| 46 |        64 |      1024 | torch.bfloat16 |      0.0704407 |        0.586807 |    0.579524 |         32.5      |
| 47 |        64 |      1024 | torch.float32  |      0.123563  |        0.328414 |    0.327603 |         33        |
| 48 |        64 |      2048 | torch.bfloat16 |      0.133429  |        0.31561  |    0.314855 |         33        |
| 49 |        64 |      2048 | torch.float32  |      0.241986  |        0.619369 |    0.622321 |         34        |
| 50 |        64 |      4096 | torch.bfloat16 |      0.25906   |        0.816541 |    0.814286 |         34        |
| 51 |        64 |      4096 | torch.float32  |      0.469139  |        1.74441  |    1.74165  |         36        |
| 52 |        64 |      8192 | torch.bfloat16 |      0.528519  |        2.89897  |    2.89545  |         36        |
| 53 |        64 |      8192 | torch.float32  |      0.928227  |        6.34124  |    6.38212  |         40        |
| 54 |        64 |     16384 | torch.bfloat16 |      1.38774   |       10.602    |   10.5821   |         40        |
| 55 |        64 |     16384 | torch.float32  |      2.32112   |       17.9191   |   17.7638   |         48        |
| 56 |        64 |     32768 | torch.bfloat16 |      4.72997   |       33.9011   |   33.7929   |         48        |
| 57 |        64 |     32768 | torch.float32  |      7.80472   |      252.219    |  287.247    |         64        |
| 58 |        64 |     65536 | torch.bfloat16 |     17.546     |      513.602    |  510.015    |         64        |
| 59 |        64 |     65536 | torch.float32  |     28.0853    |      nan        |  nan        |         96        |
| 60 |       128 |       128 | torch.bfloat16 |      0.0157545 |        0.302078 |    0.298597 |         32.125    |
| 61 |       128 |       128 | torch.float32  |      0.0221595 |        0.325168 |    0.323449 |         32.25     |
| 62 |       128 |       256 | torch.bfloat16 |      0.0248377 |        0.301427 |    0.301649 |         32.25     |
| 63 |       128 |       256 | torch.float32  |      0.0371121 |        0.327519 |    0.326343 |         32.5      |
| 64 |       128 |       512 | torch.bfloat16 |      0.0440285 |        4.82618  |    0.784739 |         32.5      |
| 65 |       128 |       512 | torch.float32  |      0.0684766 |        1.65614  |    0.984638 |         33        |
| 66 |       128 |      1024 | torch.bfloat16 |      0.0809312 |        0.315956 |    0.313692 |         33        |
| 67 |       128 |      1024 | torch.float32  |      0.128726  |        0.608928 |    0.593664 |         34        |
| 68 |       128 |      2048 | torch.bfloat16 |      0.156711  |        2.68083  |    0.557018 |         34        |
| 69 |       128 |      2048 | torch.float32  |      0.253153  |        0.69799  |    0.691868 |         36        |
| 70 |       128 |      4096 | torch.bfloat16 |      0.302923  |        0.87529  |    0.875845 |         36        |
| 71 |       128 |      4096 | torch.float32  |      0.498717  |        2.12866  |    2.12233  |         40        |
| 72 |       128 |      8192 | torch.bfloat16 |      0.650251  |        3.30749  |    3.30785  |         40        |
| 73 |       128 |      8192 | torch.float32  |      1.0322    |        6.98786  |    6.96198  |         48        |
| 74 |       128 |     16384 | torch.bfloat16 |      2.01632   |       10.6271   |   10.6254   |         48        |
| 75 |       128 |     16384 | torch.float32  |      3.34191   |       21.6896   |   21.7923   |         64        |
| 76 |       128 |     32768 | torch.bfloat16 |      7.02896   |       36.0212   |   35.7451   |         64        |
| 77 |       128 |     32768 | torch.float32  |     11.9559    |      251.279    |  252.088    |         96        |
| 78 |       128 |     65536 | torch.bfloat16 |     25.5922    |      515.85     |  518.912    |         96        |
| 79 |       128 |     65536 | torch.float32  |     44.4248    |      nan        |  nan        |        160        |